1.848306893780245208e-01
1.192450720634078420e-01
1.189712929491868465e-01
1.211500653827105450e-01
9.467679615567088369e-01
9.174531328984787404e-01
3.078596142630970478e-01
9.128486165392971780e-03
2.257177104594696448e-01
1.869369193967628240e-01
1.696035565707874060e-01
1.180880901474079814e-01
8.282027591121146060e-01
9.060882433036181183e-02
8.550646715511774909e-01
3.836658433300574322e-02
2.879826077937050477e-01
1.517927009833687779e-01
2.689205888778688491e-01
6.145884920302766702e-02
1.429994316902478413e-01
2.214818521096812987e-01
1.207313504432915019e-01
4.368658930077156527e-02
2.179432525311117974e-01
2.188780971228494465e-01
3.747429602706335849e-01
9.524493890575767840e-02
9.641411146109152286e-02
1.135007819455974842e-01
4.103868992253471015e-01
5.778125545351314729e-01
6.733223636827424807e-02
1.820762115212606336e-01
7.256597699452750627e-02
2.904645814219329325e-01
3.636137762747836955e-01
2.802502511413161868e-01
1.026729874708122020e-01
1.749777607179143699e-02
2.265624627102294508e-01
6.747018088376026401e-02
2.002202322923614664e-01
3.132809662606834133e-01
8.817433075682980237e-02
2.200508297993054030e-01
2.528357819551932950e-01
3.614023538979869998e-02
1.414444893343295151e-01
1.551589317912079324e-01
9.328551289882011099e-01
7.366555390631306377e-01
7.835301566609521595e-01
8.623647513262211461e-01
5.896458689607461112e-01
8.485572502130925843e-01
9.129889411090922335e-01
6.715611693869901755e-01
6.505000945937836621e-01
9.569874909625067927e-01
8.985210274633924632e-01
4.193474059242893182e-01
9.779993334920199510e-01
6.778968996109353551e-01
5.147011927578292179e-01
9.799013148168054244e-01
9.536337851019004441e-01
8.127704321897627482e-01
9.030667569405496087e-01
4.248884043880205019e-01
6.252247593330088060e-01
4.761907478278689099e-01
3.454961967297785486e-01
9.851965884042056532e-01
2.578541695526710975e-01
8.494738723163923755e-01
8.250470913467062850e-01
7.255325389972321348e-01
8.268815094811064748e-02
7.655216678135741137e-01
7.584590954516288175e-01
8.919152259858220688e-01
8.956204013609363468e-01
9.635357530538808390e-01
7.657068368156241256e-01
9.554915251733808734e-01
9.957761445775151765e-01
4.074284287812933170e-01
9.813931154087276454e-01
8.999501103416949199e-01
7.374370200581819024e-01
4.914270057263273594e-01
5.685515870484452172e-01
8.607610299618261296e-01
2.179965721502826748e-01
9.490646173230831151e-01
8.922801692024198150e-01
6.728473112913669896e-01
8.266722101639306652e-01
9.794470916086714940e-01
